0.37569099216035096	0.0032980131630017976
0.2840043828081287	0.003276381789315858
0.21453640761146206	0.0033671986622668985
0.16192070235590642	0.0033347045150112706
0.12224018657035088	0.003217768066429654
0.09228717402812867	0.0031825221025593158
0.06971722501701758	0.003056233463545621
0.05268054894701754	0.0030219294742558126
0.039836344687017605	0.0031064696590704776
0.03011896296035091	0.0029922724188901494
0.0227643274236842	0.0029452345719432975
0.01719905525812862	0.002917075649017463
0.012945645670350808	0.0029123149647031464
0.009749616370350905	0.0029225382392734306
0.007294931374795283	0.0028427022544383453
0.005420221295906497	0.002853707776866815
0.003918421572573189	0.0028625221670224043
0.00277803806812868	0.0028638678017544415
0.0019417081347953558	0.0028436783784866505
0.0013242515592397364	0.002826913679633186
0.0009056763659064659	0.002870968170902474
0.0005885736903508965	0.002972795117997354
0.00032129438368427854	0.0028391725188390334
4.660054701755012e-05	0.002936225704483111
-9.874860742692393e-05	0.002879008771412305
-0.00022505148853801948	0.0029222483166146986
-0.00025953835964911964	0.002943778805917396
-0.0002416208029824285	0.0029332377112875445
-0.0002899134418713478	0.002914719238409232
-0.000262282285204668	0.002881073540482943
-0.0001878874407602038	0.0028309912856183277
-0.0001928008074268961	0.0028641094820744564
-6.70027485380198e-05	0.002920245228629392
1.8093140350894377e-05	0.0027984639794806213
0.00015917970368420353	0.0028223897032341547
0.0002913303881286744	0.0028981197726327007
0.0004623791792397469	0.0029572599846829886
0.000668039418128652	0.002837658520806043
0.000770652338128619	0.0028799360408341356
0.0008914548459064142	0.002786517463673031
0.0009974027192397872	0.0029260487898035907
0.0010928893103508697	0.0028620896759323088
0.00112228445146198	0.0028490165015821333
0.0010885171759064671	0.002912550176555289
0.0010309658747953143	0.002933960015536644
0.0009109173847953178	0.0029145087557842352
0.0008353522603508079	0.0029696513503267444
0.0008067128681286395	0.002969171034633884
0.0007600192292397667	0.0030590737236435204
0.0006287935792397836	0.003014728159913601
0.00045830285035092233	0.002967408366310998
0.0003539730559064258	0.003049362645217271
0.00020746358479531435	0.0030790679092082794
7.70936270175493e-05	0.002987389812336056
2.1809992397647804e-06	0.0030632939734654653
-0.00010085349520469467	0.0030228440640855856
-0.0002862179285380295	0.003063330526712129
-0.00047028891742692536	0.003012082821267202
-0.0006213051963157856	0.0029493162357232807
-0.0007068178940935754	0.0030242177250309784
-0.0008515626140935539	0.0030685102914975735
-0.00090551493742691	0.002997270601968618
-0.0009990171718713414	0.0029687581481459063
-0.0010849408463158017	0.0029343452926181798
-0.0011553497485380648	0.0028761407249386912
-0.0012464448107602222	0.002846821828829204
-0.0013621248296491195	0.002876852382514678
-0.0014043092107602073	0.0029038655208194607
-0.0015116313852046592	0.002933050145917869
-0.0015878211885380356	0.002860888490053581
-0.001627446387426873	0.0028753344983905174
-0.0016605884240935564	0.0028441882836041303
-0.001678172954093532	0.0029524710148858516
-0.0016142494407602181	0.0028323323041557218
-0.0014832607452046898	0.002982787835883312
-0.001347153098538001	0.002856882328744412
-0.0012134288829824258	0.0029117063129345277
-0.001098593332982456	0.002836584631346529
-0.0010661221785380204	0.0029555460532472632
-0.0010598281907601703	0.002856181160626337
-0.0010589407174269039	0.0028878122020148333
-0.001006942638538011	0.002973249160971431
-0.0009110846829824826	0.002895664911359853
-0.0008175159218713202	0.002905122381539043
-0.0006430845229824789	0.002892390124551133
-0.0004935918340935874	0.0028668534386003352
-0.00032071976520464673	0.0028983042668718636
-0.00018997523520469795	0.0028214556391513283
-8.885970076022431e-05	0.002853400065147277
-3.9822362982472326e-05	0.0028209254733803234
-0.0001259677896490452	0.0028563901886140284
-0.0003501523085379654	0.0028743031804199333
-0.00044032742520463963	0.002838357821940941
-0.0004991546174269446	0.0028858524434544727
-0.0004146780929824567	0.002885442679568236
-0.00031266009964914243	0.0028695287890171312
-0.0002124911129824103	0.0028111452867341643
-0.00017769139076023732	0.0027917821869993574
-0.00010641131853802999	0.002827892411808444
-5.878210409357432e-05	0.002842227052937845
1.1767413684221628e-05	0.0028175914795522355
0.00012175343701756325	0.002819104791235727
0.0002009394170175427	0.002862829366884336
0.0001931413414620331	0.0028740515010213193
4.5917505906434286e-05	0.0028318096560116177
-9.560498520466698e-05	0.0029216410878760302
-0.0002016336229823945	0.00289470962971354
-0.00035712544631580356	0.0028681868457226594
-0.0005152130052046844	0.002780127385747065
-0.0006849905129824585	0.0028833221683002334
-0.0008784948529824421	0.0029493663242777363
-0.0009993294274268927	0.002800690484399079
-0.001074607739649125	0.0029213559724794893
-0.0009537437052046516	0.00290205466587502
-0.0008404596263157649	0.002957993365617515
-0.0006862310596491006	0.0029748262916949853
-0.00047274656742687937	0.0029003707140384995
-0.00021408039631579112	0.0028908967964960627
5.559583701755799e-05	0.0029499919928638314
0.00031183085257308063	0.0029976123939972903
0.0005686300647953224	0.00294742721404428
0.0006808003825731213	0.0030954179125428373
0.0009178098536841983	0.0029982939520811886
0.0011094832781286534	0.003028063973055507
0.0012223339436842062	0.0029998241387580444
0.0013247682325731036	0.0029964081735832588
0.0013981157836842062	0.0030390605279390745
0.0014177146203508961	0.003069618884163703
0.0012936105725731284	0.003181650255571446
0.0010707411525730792	0.0030586958403134644
0.0008519066792397612	0.0031149083115048297
0.0006092461159064588	0.0030416989249263293
0.0004787907647953449	0.0031233406305881724
0.0004029744059064755	0.003198335288423258
0.00032843188590644945	0.0031490186120950426
0.0001934690914619508	0.00316724687884178
9.260772035091236e-05	0.0032009389963224087
4.475710146206735e-05	0.0032565267400851148
7.178476812869095e-05	0.0032393368506744096
8.402951812866433e-05	0.0034090710457797746
0.00012908675368422662	0.003408895883669394
0.000125819798128729	0.0034616937742852137
0.0001349726392397832	0.0035145984055079075
