0.4166783074409263	0.005452305846919848
0.3416985392653708	0.005473872336204596
0.2801802988220375	0.005858456275088751
0.22975050525981527	0.005517403462172697
0.18836648802870415	0.005468690663397022
0.15444090454092635	0.005511756150981051
0.12663131596981525	0.005580933584662681
0.10382645303425969	0.0054104914654123605
0.0850797839453708	0.005382209269085721
0.06970969123870413	0.005442220850667672
0.05709999682425976	0.005187048430941121
0.046750706476481885	0.005238628271493095
0.03817812402648191	0.005196901088427662
0.0311054033931486	0.005207140582338738
0.025208433387593043	0.005182763614393256
0.02032618028092631	0.005009975987384829
0.016355077659815254	0.0051969858564296706
0.013116660918704115	0.005122567463214176
0.01047449949537077	0.004999237394790164
0.008250485932037421	0.0050476433898257915
0.006446388706481898	0.00503940809577373
0.004917721954259657	0.0050867966186940086
0.003658989567593085	0.005071927894105022
0.0026539646120374294	0.0050734384136375274
0.001876149867592991	0.005087200753579514
0.0013107293542596876	0.0048582928787948235
0.0009542236053707853	0.004835018379396157
0.0007116713731485924	0.004845145907437893
0.0005916259864819362	0.004948628384064562
0.0004928784542596598	0.0049145967615631374
0.0004883966831485953	0.004819191638932217
0.0005320801209263704	0.004841001214670889
0.0006055790664819538	0.004859602100055594
0.0007539005587041125	0.004792593087080608
0.0009284091531485683	0.005016861252779464
0.0010995986175930117	0.00477550851721104
0.001241335538704147	0.0047826166051074676
0.0013657348042596662	0.00471287727206189
0.0014360429231485283	0.004740798754500256
0.0014466109142597383	0.004748712604066208
0.0014345416909263276	0.004688815876149478
0.0014164956464818856	0.004791919853584322
0.001392651263148581	0.004620235610679739
0.0013784341553707558	0.0046316602216123545
0.0013324176742596783	0.004595583652614045
0.0013125035264818785	0.00464244313514189
0.0012783659898152333	0.0046724472919988285
0.0012122061631485437	0.0047034797554724415
0.001116677455370807	0.004612623024614623
0.0010073950342596727	0.004665853372312776
0.0009395116242597035	0.0045867446170270105
0.0009015669087040767	0.004613370253140806
0.0008837805442596935	0.004569574225303877
0.0008767186087041412	0.004539349106310486
0.0008525108342596344	0.004671745694423882
0.0008960744731485448	0.0046796976829128634
0.0009621273864819369	0.004654031208361461
0.0009505115720374602	0.004657774273196839
0.0009171347142596376	0.004655042125635072
0.0009094104809263537	0.004711894756128992
0.0008449973109263542	0.004593323610405781
0.000779326224259691	0.004606468759216643
0.0007171424987041375	0.004650713408528166
0.000643735385370825	0.004647435413052874
0.0005566652142596773	0.004693153674724845
0.00047311989425974366	0.004706497604533387
0.0004082670064818883	0.004732287664592232
0.0003488480775930003	0.004660639081287867
0.0003068307953707494	0.004860723774036321
0.00025821385203744773	0.004640357871181293
0.00020752719314859336	0.004680125795110379
0.00021053619981525884	0.004926647424967098
0.0002568558909263885	0.004767588904780652
0.00024338907981524827	0.004809986931925071
0.00032983534537078807	0.0047609757814503105
0.00043980681537075794	0.0048184205211050934
0.0005399502142596768	0.004708931147778968
0.0006214675042597317	0.004755108183692609
0.0006896917909263722	0.004785466436678036
0.000727703523148604	0.004770988413542919
0.0007173665509263571	0.004718930197827313
0.0007097777820375128	0.004740667093527403
0.0006960874331485845	0.004735761257246997
0.0007780033953707632	0.004745184893364893
0.0008946463742596777	0.004786406668706146
0.0010021100231485391	0.004811033646316505
0.0011767613464818694	0.004729654588950377
0.0013501590398152241	0.004761577647347502
0.0015074416475929775	0.004792522836538002
0.0015778639798152416	0.004752960480196517
0.0016516873631485796	0.004829659173482289
0.0017021526864818837	0.004812881709220062
0.0017652268909262858	0.004824833936620389
0.0018214175087041817	0.004720031777734165
0.0019447406320374783	0.004695188827503151
0.002047825467593134	0.004677015917732412
0.0021515551364819085	0.004634101236468966
0.002258442823148632	0.004771723331943506
0.0023625717564819126	0.00472143587791156
0.002477034592037408	0.004663190386073387
0.0025782088587041896	0.004654728344586211
0.0026140058920374742	0.004674100086317702
0.002607740646481893	0.004741358218859081
0.0025364078275930124	0.004688289767031849
0.0024856833309263027	0.00472484208810359
0.0023902967775929485	0.0047102885897147
0.0022993969575930695	0.004726157820945734
0.0021283655520374367	0.004743679887715588
0.0019911229509263495	0.004679491247211631
0.0018879336598152663	0.004734321157992218
0.0017848142798151945	0.00481122427396078
0.0016618057742596726	0.004780512664460095
0.0014454279320375019	0.004762913589306697
0.001240155807593013	0.004708561319695274
0.0010395639275930235	0.0046858102346965715
0.0008214996531485941	0.004720345094366948
0.0006005074953707723	0.004735269572230237
0.0004119970542597051	0.004731095766089531
0.0002675834575929792	0.004676458870777208
0.0001768512620374807	0.00479189939777634
7.904036203743026e-05	0.0046661230657440815
-4.548553351807483e-05	0.004695875737760188
-0.00015375370574027825	0.004784615018900988
-0.0003018568590736348	0.0046404444144073674
-0.0004714417701847662	0.0046977486523702774
-0.0005852865212959135	0.004626647987396522
-0.0006153395612958912	0.004763783685792328
-0.0006063066257402938	0.004643444039157884
-0.000619435683518077	0.00465196701740047
-0.0006632773924070134	0.0046220644276420255
-0.0007287562512958701	0.004690701149480832
-0.000802116987962509	0.004599558029803894
-0.0008672481912958552	0.004747378630457871
-0.000934747949073611	0.004633881965685183
-0.0009398407757403304	0.004686742555963318
-0.0009136738335180916	0.004709609953918926
-0.0009023774901847359	0.004736202877589387
-0.0008456642546291748	0.004626372698677625
-0.0008233910712958648	0.004703787835855897
-0.0007354240657402311	0.00468057689664885
-0.0006645881357403294	0.004699159167360757
-0.0005600755857403383	0.004780985746758323
-0.0004454770501847727	0.0047400417396185335
-0.0003050330668514234	0.0046429948233205
-0.00013690043907360616	0.004654824510146925
-1.8329596851440755e-05	0.004675995745220929
4.749532092634956e-05	0.004644383621069623
0.0001429464975929995	0.004565516962939022
0.00026721856759304163	0.004573913647948721
0.0003867567053708054	0.004697947195015157
0.0004826888953707864	0.0046511087233117535
0.0005472675542597116	0.00458221263063961
0.0006427829075929536	0.004545926922545679
0.0007187383498152844	0.004637628233768253
0.0007821318564819046	0.004522853008766776
0.0008049063220375019	0.004527413736215826
0.0007953119820374166	0.0045526183879751195
0.000695460667592962	0.004487688144595419
0.0005701758009263314	0.004505203922963189
0.000408319844259708	0.0044895010011793334
0.00022904294314857188	0.0044337066757623705
5.0485706481917525e-05	0.004435928571901716
-6.209405018475778e-05	0.004429691088746862
-0.00013745360462918965	0.004506324407261419
-0.00017920617018468699	0.004639842515458426
-0.0002123207712959041	0.004484025963825868
-0.0003113019312958598	0.004447719839519036
-0.00034999250129585935	0.004456210808484215
-0.00038314789351806544	0.00447075361432166
-0.00036753273796247266	0.004504710903196543
-0.0003575513335181135	0.004462050250551258
-0.00034058227685140885	0.0045241041922391935
-0.0003509626157403023	0.004488894314722351
-0.00033112898351805864	0.0045656601879606375
-0.0003001944412958091	0.0045738477366817475
-0.00022971435907359616	0.004524049635533922
-9.944109685139368e-05	0.004730046024686547
4.9315154259710337e-05	0.004660584385392672
0.0001574791475930093	0.004675755290527471
0.0002418127298152717	0.004699354498398486
0.00030765825870415764	0.004708837247878886
0.0003718477731485814	0.004732280959633773
0.00046071743092634954	0.004705595244156558
0.0005251002753707823	0.004701030680777824
0.0005556454375930109	0.004780994230962029
0.0005355085231485979	0.004783221362509187
0.0005370850987040932	0.00513102830214672
0.0005316039042597143	0.004820844180219973
0.0005749095531485948	0.004977727712400785
0.0006433975709264073	0.005046543972116822
0.0006575860464818617	0.004890927640568622
0.0007360496475930511	0.005065265358838151
0.0008425279942597119	0.004996472450127341
0.0010354523042596653	0.005188230857179761
0.0011962266909263386	0.005111675918438284
0.001331912202037433	0.004919556920463151
0.001402961460926333	0.005044785199162576
0.0014154887898152335	0.0052159475189316445
0.0014190823553708043	0.005135556090392239
0.0014276218587040979	0.005017226267532617
